0     0.03125
1000     0.015625
2000     0.015625
3000     0.015625
4000     0.015625
5000     0.03125
6000     0.03125
7000     0.015625
8000     0.015625
9000     0.015625
10000     0.03125
11000     0.03125
12000     0.03125
13000     0.03125
14000     0.03125
15000     0.015625
16000     0.03125
17000     0.015625
18000     0.03125
19000     0.03125
20000     0.03125
21000     0.015625
22000     0.015625
23000     0.03125
24000     0.03125
25000     0.015625
26000     0.046875
27000     0.03125
28000     0.03125
29000     0.03125
30000     0.03125
31000     0.015625
32000     0.03125
33000     0.015625
34000     0.03125
35000     0.03125
36000     0.046875
37000     0.03125
38000     0.03125
39000     0.015625
40000     0.03125
41000     0.015625
42000     0.03125
43000     0.046875
44000     0.015625
45000     0.03125
46000     0.03125
47000     0.046875
48000     0.03125
49000     0.03125
50000     0.046875
51000     0.03125
52000     0.03125
53000     0.03125
54000     0.03125
55000     0.03125
56000     0.0625
57000     0.03125
58000     0.015625
59000     0.03125
60000     0.046875
61000     0.03125
62000     0.046875
63000     0.015625
64000     0.0625
65000     0.046875
66000     0.03125
67000     0.015625
68000     0.03125
69000     0.03125
70000     0.03125
71000     0.046875
72000     0.03125
73000     0.03125
74000     0.03125
75000     0.03125
76000     0.03125
77000     0.03125
78000     0.015625
79000     0.015625
80000     0.03125
81000     0.015625
82000     0.046875
83000     0.03125
84000     0.015625
85000     0.015625
86000     0.03125
87000     0.03125
88000     0.015625
89000     0.015625
90000     0.015625
91000     0.015625
92000     0.03125
93000     0.015625
94000     0.015625
95000     0.015625
96000     0.015625
97000     0.03125
98000     0.015625
99000     0.03125
100000     0.03125
